7 -30 14
-5 0 7.7
0 0 2
45 45

512 512

1	

15 15 15
1

1
0.5 1.55

0.5

1 0 1

1 1 1




3

20 0 50
1 1 1
-20 0 50
1 1 1
20 20 50
1 1 1

21


10 10 10
10 10 0
-10 10 0

0.2 0.2 0.2
0.1 0.1 0.8
0.5 0.5 0.5
0.2


10 10 10
-10 10 0
-10 10 10

0.2 0.2 0.2
0.1 0.1 0.8
0.5 0.5 0.5
0.2


10 10 10
-10 10 10
0 10 20

0.2 0.2 0.2
0.1 0.1 0.8
0.5 0.5 0.5
0.2


2.500000 9.500000 2.500000
2.500000 4.500000 2.500000
-2.500000 4.500000 2.500000

0.2 0.2 0.2
0.4 1 0.6
0.1 0.1 0.1
0.2


2.500000 9.500000 2.500000
-2.500000 4.500000 2.500000
-2.500000 9.500000 2.500000

0.2 0.2 0.2
0.4 1 0.6
0.1 0.1 0.1
0.2


2.500000 9.500000 7.500000
2.500000 4.500000 7.500000
-2.500000 4.500000 7.500000

0.2 0.2 0.2
0.4 1 0.6
0.1 0.1 0.1
0.2


2.500000 9.500000 7.500000
-2.500000 4.500000 7.500000
-2.500000 9.500000 7.500000

0.2 0.2 0.2
0.4 1 0.6
0.1 0.1 0.1
0.2


2.500000 4.500000 7.500000
2.500000 4.500000 2.500000
-2.500000 4.500000 2.500000

0.2 0.2 0.2
0.4 1 0.6
0.1 0.1 0.1
0.2


2.500000 4.500000 7.500000
-2.500000 4.500000 2.500000
-2.500000 4.500000 7.500000

0.2 0.2 0.2
0.4 1 0.6
0.1 0.1 0.1
0.2


2.500000 9.500000 7.500000
2.500000 9.500000 2.500000
-2.500000 9.500000 2.500000

0.2 0.2 0.2
0.4 1 0.6
0.1 0.1 0.1
0.2


2.500000 9.500000 7.500000
-2.500000 9.500000 2.500000
-2.500000 9.500000 7.500000

0.2 0.2 0.2
0.4 1 0.6
0.1 0.1 0.1
0.2


-2.500000 9.500000 7.500000
-2.500000 9.500000 2.500000
-2.500000 4.500000 2.500000

0.2 0.2 0.2
0.4 1 0.6
0.1 0.1 0.1
0.2


-2.500000 9.500000 7.500000
-2.500000 4.500000 2.500000
-2.500000 4.500000 7.500000

0.2 0.2 0.2
0.4 1 0.6
0.1 0.1 0.1
0.2


2.500000 9.500000 7.500000
2.500000 9.500000 2.500000
2.500000 4.500000 2.500000

0.2 0.2 0.2
0.4 1 0.6
0.1 0.1 0.1
0.2


2.500000 9.500000 7.500000
2.500000 4.500000 2.500000
2.500000 4.500000 7.500000

0.2 0.2 0.2
0.4 1 0.6
0.1 0.1 0.1
0.2

 
-10.5 0 0 
-10.5 10 0
10.2 0.2 0.2

0.2 0.2 0.2
1 0.6 0.7
0.5 0.5 0.5
0.2


10.2 0.2 0.2   
-10.5 10 0
10 10 0

0.2 0.2 0.2
1 0.6 0.7
0.5 0.5 0.5
0.2


-10 0 -0.5
-10 10 10
-10 0 10

0.2 0.2 0.2
1 0.8 0.5
0.5 0.5 0.5
0.2


-10 0 -0.5
-10 10 -0.5
-10 10 10

0.2 0.2 0.2
1 0.8 0.5
0.5 0.5 0.5
0.2


10 0 0
10 0 10
10 10 10

0.2 0.2 0.2 
0.4 1 0.6
0.1 0.1 0.1
0.2


10 0 0
10 10 10
10 10 0

0.2 0.2 0.2 
0.4 1 0.6
0.1 0.1 0.1
0.2
