500 300 500
-100 0 0
0 1 0
45 45
1024 1024

1

35 25 40
1

1
1 6.1

0.75

1 0 1
0.1 0.1 0.1

6
0 170 200	3 1 1
100 170 373	1 1 3
300 170 373	3 3 1
400 170 200	3 1 3
300 170 27	1 3 1
100 170 27	1 3 3

326

200.059 247.134 369.013
52.746 234.632 283.816
200.059 234.632 368.867
0.5 0.5 0.5 0.5 0.5 0.5 0.3 0.3 0.3 35

200.059 247.134 369.013
52.6196 247.134 283.889
52.746 234.632 283.816
0.5 0.5 0.5 0.5 0.5 0.5 0.3 0.3 0.3 35

52.6196 247.134 283.889
52.746 234.632 113.713
52.746 234.632 283.816
0.5 0.5 0.5 0.5 0.5 0.5 0.3 0.3 0.3 35

52.6196 247.134 283.889
52.6196 247.134 113.64
52.746 234.632 113.713
0.5 0.5 0.5 0.5 0.5 0.5 0.3 0.3 0.3 35

52.6196 247.134 113.64
200.059 234.632 28.6617
52.746 234.632 113.713
0.5 0.5 0.5 0.5 0.5 0.5 0.3 0.3 0.3 35

52.6196 247.134 113.64
200.059 247.134 28.5157
200.059 234.632 28.6617
0.5 0.5 0.5 0.5 0.5 0.5 0.3 0.3 0.3 35

200.059 247.134 28.5157
347.372 234.632 113.713
200.059 234.632 28.6617
0.5 0.5 0.5 0.5 0.5 0.5 0.3 0.3 0.3 35

200.059 247.134 28.5157
347.499 247.134 113.64
347.372 234.632 113.713
0.5 0.5 0.5 0.5 0.5 0.5 0.3 0.3 0.3 35

347.499 247.134 113.64
347.372 234.632 283.816
347.372 234.632 113.713
0.5 0.5 0.5 0.5 0.5 0.5 0.3 0.3 0.3 35

347.499 247.134 113.64
347.499 247.134 283.889
347.372 234.632 283.816
0.5 0.5 0.5 0.5 0.5 0.5 0.3 0.3 0.3 35

347.499 247.134 283.889
200.059 234.632 368.867
347.372 234.632 283.816
0.5 0.5 0.5 0.5 0.5 0.5 0.3 0.3 0.3 35

347.499 247.134 283.889
200.059 247.134 369.013
200.059 234.632 368.867
0.5 0.5 0.5 0.5 0.5 0.5 0.3 0.3 0.3 35

200.059 234.632 368.867
52.746 234.632 283.816
200.059 234.632 198.764
0.5 0.5 0.5 0.5 0.5 0.5 0.3 0.3 0.3 35

52.746 234.632 283.816
52.746 234.632 113.713
200.059 234.632 198.764
0.5 0.5 0.5 0.5 0.5 0.5 0.3 0.3 0.3 35

52.746 234.632 113.713
200.059 234.632 28.6617
200.059 234.632 198.764
0.5 0.5 0.5 0.5 0.5 0.5 0.3 0.3 0.3 35

200.059 234.632 28.6617
347.372 234.632 113.713
200.059 234.632 198.764
0.5 0.5 0.5 0.5 0.5 0.5 0.3 0.3 0.3 35

347.372 234.632 113.713
347.372 234.632 283.816
200.059 234.632 198.764
0.5 0.5 0.5 0.5 0.5 0.5 0.3 0.3 0.3 35

347.372 234.632 283.816
200.059 234.632 368.867
200.059 234.632 198.764
0.5 0.5 0.5 0.5 0.5 0.5 0.3 0.3 0.3 35

249.353 137.73 149.85
145.142 137.73 254.061
249.353 137.73 254.061
0.5 0.5 0.5 0.5 0.5 0.5 0.3 0.3 0.3 35

249.353 137.73 149.85
145.142 137.73 149.85
145.142 137.73 254.061
0.5 0.5 0.5 0.5 0.5 0.5 0.3 0.3 0.3 35

249.353 137.73 149.85
249.353 129.422 254.061
249.353 129.422 149.85
0.5 0.5 0.5 0.5 0.5 0.5 0.3 0.3 0.3 35

249.353 137.73 149.85
249.353 137.73 254.061
249.353 129.422 254.061
0.5 0.5 0.5 0.5 0.5 0.5 0.3 0.3 0.3 35

249.353 137.73 254.061
145.142 129.422 254.061
249.353 129.422 254.061
0.5 0.5 0.5 0.5 0.5 0.5 0.3 0.3 0.3 35

249.353 137.73 254.061
145.142 137.73 254.061
145.142 129.422 254.061
0.5 0.5 0.5 0.5 0.5 0.5 0.3 0.3 0.3 35

145.142 137.73 254.061
145.142 129.422 149.85
145.142 129.422 254.061
0.5 0.5 0.5 0.5 0.5 0.5 0.3 0.3 0.3 35

145.142 137.73 254.061
145.142 137.73 149.85
145.142 129.422 149.85
0.5 0.5 0.5 0.5 0.5 0.5 0.3 0.3 0.3 35

145.142 137.73 149.85
249.353 129.422 149.85
145.142 129.422 149.85
0.5 0.5 0.5 0.5 0.5 0.5 0.3 0.3 0.3 35

145.142 137.73 149.85
249.353 137.73 149.85
249.353 129.422 149.85
0.5 0.5 0.5 0.5 0.5 0.5 0.3 0.3 0.3 35

249.353 129.422 149.85
145.142 129.422 254.061
145.142 129.422 149.85
0.5 0.5 0.5 0.5 0.5 0.5 0.3 0.3 0.3 35

249.353 129.422 149.85
249.353 129.422 254.061
145.142 129.422 254.061
0.5 0.5 0.5 0.5 0.5 0.5 0.3 0.3 0.3 35

156.738 129.433 156.04
149.734 129.433 163.044
156.738 129.433 163.044
0.5 0.5 0.5 0.5 0.5 0.5 0.3 0.3 0.3 35

156.738 129.433 156.04
149.734 129.433 156.04
149.734 129.433 163.044
0.5 0.5 0.5 0.5 0.5 0.5 0.3 0.3 0.3 35

156.738 129.433 156.04
156.738 81.6489 163.044
156.738 81.6489 156.04
0.5 0.5 0.5 0.5 0.5 0.5 0.3 0.3 0.3 35

156.738 129.433 156.04
156.738 129.433 163.044
156.738 81.6489 163.044
0.5 0.5 0.5 0.5 0.5 0.5 0.3 0.3 0.3 35

156.738 129.433 163.044
149.734 81.6489 163.044
156.738 81.6489 163.044
0.5 0.5 0.5 0.5 0.5 0.5 0.3 0.3 0.3 35

156.738 129.433 163.044
149.734 129.433 163.044
149.734 81.6489 163.044
0.5 0.5 0.5 0.5 0.5 0.5 0.3 0.3 0.3 35

149.734 129.433 163.044
149.734 81.6489 156.04
149.734 81.6489 163.044
0.5 0.5 0.5 0.5 0.5 0.5 0.3 0.3 0.3 35

149.734 129.433 163.044
149.734 129.433 156.04
149.734 81.6489 156.04
0.5 0.5 0.5 0.5 0.5 0.5 0.3 0.3 0.3 35

149.734 129.433 156.04
156.738 81.6489 156.04
149.734 81.6489 156.04
0.5 0.5 0.5 0.5 0.5 0.5 0.3 0.3 0.3 35

149.734 129.433 156.04
156.738 129.433 156.04
156.738 81.6489 156.04
0.5 0.5 0.5 0.5 0.5 0.5 0.3 0.3 0.3 35

156.738 81.6489 156.04
149.734 81.6489 163.044
149.734 81.6489 156.04
0.5 0.5 0.5 0.5 0.5 0.5 0.3 0.3 0.3 35

156.738 81.6489 156.04
156.738 81.6489 163.044
149.734 81.6489 163.044
0.5 0.5 0.5 0.5 0.5 0.5 0.3 0.3 0.3 35

244.477 129.432 241.236
237.473 129.432 248.24
244.477 129.432 248.24
0.5 0.5 0.5 0.5 0.5 0.5 0.3 0.3 0.3 35

244.477 129.432 241.236
237.473 129.432 241.236
237.473 129.432 248.24
0.5 0.5 0.5 0.5 0.5 0.5 0.3 0.3 0.3 35

244.477 129.432 241.236
244.477 81.6485 248.24
244.477 81.6485 241.236
0.5 0.5 0.5 0.5 0.5 0.5 0.3 0.3 0.3 35

244.477 129.432 241.236
244.477 129.432 248.24
244.477 81.6485 248.24
0.5 0.5 0.5 0.5 0.5 0.5 0.3 0.3 0.3 35

244.477 129.432 248.24
237.473 81.6485 248.24
244.477 81.6485 248.24
0.5 0.5 0.5 0.5 0.5 0.5 0.3 0.3 0.3 35

244.477 129.432 248.24
237.473 129.432 248.24
237.473 81.6485 248.24
0.5 0.5 0.5 0.5 0.5 0.5 0.3 0.3 0.3 35

237.473 129.432 248.24
237.473 81.6485 241.236
237.473 81.6485 248.24
0.5 0.5 0.5 0.5 0.5 0.5 0.3 0.3 0.3 35

237.473 129.432 248.24
237.473 129.432 241.236
237.473 81.6485 241.236
0.5 0.5 0.5 0.5 0.5 0.5 0.3 0.3 0.3 35

237.473 129.432 241.236
244.477 81.6485 241.236
237.473 81.6485 241.236
0.5 0.5 0.5 0.5 0.5 0.5 0.3 0.3 0.3 35

237.473 129.432 241.236
244.477 129.432 241.236
244.477 81.6485 241.236
0.5 0.5 0.5 0.5 0.5 0.5 0.3 0.3 0.3 35

244.477 81.6485 241.236
237.473 81.6485 248.24
237.473 81.6485 241.236
0.5 0.5 0.5 0.5 0.5 0.5 0.3 0.3 0.3 35

244.477 81.6485 241.236
244.477 81.6485 248.24
237.473 81.6485 248.24
0.5 0.5 0.5 0.5 0.5 0.5 0.3 0.3 0.3 35

244.477 129.432 156.04
237.473 129.432 163.044
244.477 129.432 163.044
0.5 0.5 0.5 0.5 0.5 0.5 0.3 0.3 0.3 35

244.477 129.432 156.04
237.473 129.432 156.04
237.473 129.432 163.044
0.5 0.5 0.5 0.5 0.5 0.5 0.3 0.3 0.3 35

244.477 129.432 156.04
244.477 81.6485 163.044
244.477 81.6485 156.04
0.5 0.5 0.5 0.5 0.5 0.5 0.3 0.3 0.3 35

244.477 129.432 156.04
244.477 129.432 163.044
244.477 81.6485 163.044
0.5 0.5 0.5 0.5 0.5 0.5 0.3 0.3 0.3 35

244.477 129.432 163.044
237.473 81.6485 163.044
244.477 81.6485 163.044
0.5 0.5 0.5 0.5 0.5 0.5 0.3 0.3 0.3 35

244.477 129.432 163.044
237.473 129.432 163.044
237.473 81.6485 163.044
0.5 0.5 0.5 0.5 0.5 0.5 0.3 0.3 0.3 35

237.473 129.432 163.044
237.473 81.6485 156.04
237.473 81.6485 163.044
0.5 0.5 0.5 0.5 0.5 0.5 0.3 0.3 0.3 35

237.473 129.432 163.044
237.473 129.432 156.04
237.473 81.6485 156.04
0.5 0.5 0.5 0.5 0.5 0.5 0.3 0.3 0.3 35

237.473 129.432 156.04
244.477 81.6485 156.04
237.473 81.6485 156.04
0.5 0.5 0.5 0.5 0.5 0.5 0.3 0.3 0.3 35

237.473 129.432 156.04
244.477 129.432 156.04
244.477 81.6485 156.04
0.5 0.5 0.5 0.5 0.5 0.5 0.3 0.3 0.3 35

244.477 81.6485 156.04
237.473 81.6485 163.044
237.473 81.6485 156.04
0.5 0.5 0.5 0.5 0.5 0.5 0.3 0.3 0.3 35

244.477 81.6485 156.04
244.477 81.6485 163.044
237.473 81.6485 163.044
0.5 0.5 0.5 0.5 0.5 0.5 0.3 0.3 0.3 35

156.738 129.433 241.236
149.734 129.433 248.24
156.738 129.433 248.24
0.5 0.5 0.5 0.5 0.5 0.5 0.3 0.3 0.3 35

156.738 129.433 241.236
149.734 129.433 241.236
149.734 129.433 248.24
0.5 0.5 0.5 0.5 0.5 0.5 0.3 0.3 0.3 35

156.738 129.433 241.236
156.738 81.6489 248.24
156.738 81.6489 241.236
0.5 0.5 0.5 0.5 0.5 0.5 0.3 0.3 0.3 35

156.738 129.433 241.236
156.738 129.433 248.24
156.738 81.6489 248.24
0.5 0.5 0.5 0.5 0.5 0.5 0.3 0.3 0.3 35

156.738 129.433 248.24
149.734 81.6489 248.24
156.738 81.6489 248.24
0.5 0.5 0.5 0.5 0.5 0.5 0.3 0.3 0.3 35

156.738 129.433 248.24
149.734 129.433 248.24
149.734 81.6489 248.24
0.5 0.5 0.5 0.5 0.5 0.5 0.3 0.3 0.3 35

149.734 129.433 248.24
149.734 81.6489 241.236
149.734 81.6489 248.24
0.5 0.5 0.5 0.5 0.5 0.5 0.3 0.3 0.3 35

149.734 129.433 248.24
149.734 129.433 241.236
149.734 81.6489 241.236
0.5 0.5 0.5 0.5 0.5 0.5 0.3 0.3 0.3 35

149.734 129.433 241.236
156.738 81.6489 241.236
149.734 81.6489 241.236
0.5 0.5 0.5 0.5 0.5 0.5 0.3 0.3 0.3 35

149.734 129.433 241.236
156.738 129.433 241.236
156.738 81.6489 241.236
0.5 0.5 0.5 0.5 0.5 0.5 0.3 0.3 0.3 35

156.738 81.6489 241.236
149.734 81.6489 248.24
149.734 81.6489 241.236
0.5 0.5 0.5 0.5 0.5 0.5 0.3 0.3 0.3 35

156.738 81.6489 241.236
156.738 81.6489 248.24
149.734 81.6489 248.24
0.5 0.5 0.5 0.5 0.5 0.5 0.3 0.3 0.3 35

247.373 110.553 107.57
146.77 110.553 135.441
247.37 110.553 135.441
0.5 0.5 0.5 0.5 0.5 0.5 0.3 0.3 0.3 35

247.373 110.553 107.57
146.77 110.553 107.57
146.77 110.553 135.441
0.5 0.5 0.5 0.5 0.5 0.5 0.3 0.3 0.3 35

247.373 110.553 107.57
247.37 103.565 135.441
247.373 103.565 107.57
0.5 0.5 0.5 0.5 0.5 0.5 0.3 0.3 0.3 35

247.373 110.553 107.57
247.37 110.553 135.441
247.37 103.565 135.441
0.5 0.5 0.5 0.5 0.5 0.5 0.3 0.3 0.3 35

247.37 110.553 135.441
146.77 103.565 135.441
247.37 103.565 135.441
0.5 0.5 0.5 0.5 0.5 0.5 0.3 0.3 0.3 35

247.37 110.553 135.441
146.77 110.553 135.441
146.77 103.565 135.441
0.5 0.5 0.5 0.5 0.5 0.5 0.3 0.3 0.3 35

146.77 110.553 135.441
146.77 103.565 107.57
146.77 103.565 135.441
0.5 0.5 0.5 0.5 0.5 0.5 0.3 0.3 0.3 35

146.77 110.553 135.441
146.77 110.553 107.57
146.77 103.565 107.57
0.5 0.5 0.5 0.5 0.5 0.5 0.3 0.3 0.3 35

146.77 110.553 107.57
247.373 103.565 107.57
146.77 103.565 107.57
0.5 0.5 0.5 0.5 0.5 0.5 0.3 0.3 0.3 35

146.77 110.553 107.57
247.373 110.553 107.57
247.373 103.565 107.57
0.5 0.5 0.5 0.5 0.5 0.5 0.3 0.3 0.3 35

158.49 102.806 107.681
158.49 81.8415 135.326
158.49 81.8415 107.681
0.5 0.5 0.5 0.5 0.5 0.5 0.3 0.3 0.3 35

158.49 102.806 107.681
158.49 102.806 135.326
158.49 81.8415 135.326
0.5 0.5 0.5 0.5 0.5 0.5 0.3 0.3 0.3 35

158.49 102.806 135.326
153.566 81.8415 135.326
158.49 81.8415 135.326
0.5 0.5 0.5 0.5 0.5 0.5 0.3 0.3 0.3 35

158.49 102.806 135.326
153.566 102.806 135.326
153.566 81.8415 135.326
0.5 0.5 0.5 0.5 0.5 0.5 0.3 0.3 0.3 35

153.566 102.806 135.326
153.566 81.8415 107.681
153.566 81.8415 135.326
0.5 0.5 0.5 0.5 0.5 0.5 0.3 0.3 0.3 35

153.566 102.806 135.326
153.566 102.806 107.681
153.566 81.8415 107.681
0.5 0.5 0.5 0.5 0.5 0.5 0.3 0.3 0.3 35

153.566 102.806 107.681
158.49 81.8415 107.681
153.566 81.8415 107.681
0.5 0.5 0.5 0.5 0.5 0.5 0.3 0.3 0.3 35

153.566 102.806 107.681
158.49 102.806 107.681
158.49 81.8415 107.681
0.5 0.5 0.5 0.5 0.5 0.5 0.3 0.3 0.3 35

240.834 102.806 107.892
240.834 81.8415 135.539
240.831 81.8415 107.892
0.5 0.5 0.5 0.5 0.5 0.5 0.3 0.3 0.3 35

240.834 102.806 107.892
240.834 102.806 135.539
240.834 81.8415 135.539
0.5 0.5 0.5 0.5 0.5 0.5 0.3 0.3 0.3 35

240.834 102.806 135.539
235.91 81.8415 135.539
240.834 81.8415 135.539
0.5 0.5 0.5 0.5 0.5 0.5 0.3 0.3 0.3 35

240.834 102.806 135.539
235.91 102.806 135.539
235.91 81.8415 135.539
0.5 0.5 0.5 0.5 0.5 0.5 0.3 0.3 0.3 35

235.91 102.806 135.539
235.907 81.8415 107.892
235.91 81.8415 135.539
0.5 0.5 0.5 0.5 0.5 0.5 0.3 0.3 0.3 35

235.91 102.806 135.539
235.91 102.806 107.892
235.907 81.8415 107.892
0.5 0.5 0.5 0.5 0.5 0.5 0.3 0.3 0.3 35

235.91 102.806 107.892
240.831 81.8415 107.892
235.907 81.8415 107.892
0.5 0.5 0.5 0.5 0.5 0.5 0.3 0.3 0.3 35

235.91 102.806 107.892
240.834 102.806 107.892
240.831 81.8415 107.892
0.5 0.5 0.5 0.5 0.5 0.5 0.3 0.3 0.3 35

265.726 110.553 150.942
293.6 110.553 251.543
293.597 110.553 150.942
0.5 0.5 0.5 0.5 0.5 0.5 0.3 0.3 0.3 35

265.726 110.553 150.942
265.729 110.553 251.543
293.6 110.553 251.543
0.5 0.5 0.5 0.5 0.5 0.5 0.3 0.3 0.3 35

265.726 110.553 150.942
293.597 103.565 150.942
265.726 103.565 150.942
0.5 0.5 0.5 0.5 0.5 0.5 0.3 0.3 0.3 35

265.726 110.553 150.942
293.597 110.553 150.942
293.597 103.565 150.942
0.5 0.5 0.5 0.5 0.5 0.5 0.3 0.3 0.3 35

293.597 110.553 150.942
293.6 103.565 251.543
293.597 103.565 150.942
0.5 0.5 0.5 0.5 0.5 0.5 0.3 0.3 0.3 35

293.597 110.553 150.942
293.6 110.553 251.543
293.6 103.565 251.543
0.5 0.5 0.5 0.5 0.5 0.5 0.3 0.3 0.3 35

293.6 110.553 251.543
265.729 103.565 251.543
293.6 103.565 251.543
0.5 0.5 0.5 0.5 0.5 0.5 0.3 0.3 0.3 35

293.6 110.553 251.543
265.729 110.553 251.543
265.729 103.565 251.543
0.5 0.5 0.5 0.5 0.5 0.5 0.3 0.3 0.3 35

265.729 110.553 251.543
265.726 103.565 150.942
265.729 103.565 251.543
0.5 0.5 0.5 0.5 0.5 0.5 0.3 0.3 0.3 35

265.729 110.553 251.543
265.726 110.553 150.942
265.726 103.565 150.942
0.5 0.5 0.5 0.5 0.5 0.5 0.3 0.3 0.3 35

265.836 102.806 239.823
293.482 81.8417 239.823
265.837 81.8417 239.823
0.5 0.5 0.5 0.5 0.5 0.5 0.3 0.3 0.3 35

265.836 102.806 239.823
293.485 102.806 239.823
293.482 81.8417 239.823
0.5 0.5 0.5 0.5 0.5 0.5 0.3 0.3 0.3 35

293.485 102.806 239.823
293.482 81.8417 244.747
293.482 81.8417 239.823
0.5 0.5 0.5 0.5 0.5 0.5 0.3 0.3 0.3 35

293.485 102.806 239.823
293.485 102.806 244.747
293.482 81.8417 244.747
0.5 0.5 0.5 0.5 0.5 0.5 0.3 0.3 0.3 35

293.485 102.806 244.747
265.837 81.8417 244.747
293.482 81.8417 244.747
0.5 0.5 0.5 0.5 0.5 0.5 0.3 0.3 0.3 35

293.485 102.806 244.747
265.836 102.806 244.747
265.837 81.8417 244.747
0.5 0.5 0.5 0.5 0.5 0.5 0.3 0.3 0.3 35

265.836 102.806 244.747
265.837 81.8417 239.823
265.837 81.8417 244.747
0.5 0.5 0.5 0.5 0.5 0.5 0.3 0.3 0.3 35

265.836 102.806 244.747
265.836 102.806 239.823
265.837 81.8417 239.823
0.5 0.5 0.5 0.5 0.5 0.5 0.3 0.3 0.3 35

266.047 102.806 157.482
293.695 81.8417 157.482
266.048 81.8417 157.482
0.5 0.5 0.5 0.5 0.5 0.5 0.3 0.3 0.3 35

266.047 102.806 157.482
293.695 102.806 157.482
293.695 81.8417 157.482
0.5 0.5 0.5 0.5 0.5 0.5 0.3 0.3 0.3 35

293.695 102.806 157.482
293.695 81.8417 162.405
293.695 81.8417 157.482
0.5 0.5 0.5 0.5 0.5 0.5 0.3 0.3 0.3 35

293.695 102.806 157.482
293.695 102.806 162.405
293.695 81.8417 162.405
0.5 0.5 0.5 0.5 0.5 0.5 0.3 0.3 0.3 35

293.695 102.806 162.405
266.048 81.8417 162.405
293.695 81.8417 162.405
0.5 0.5 0.5 0.5 0.5 0.5 0.3 0.3 0.3 35

293.695 102.806 162.405
266.047 102.806 162.405
266.048 81.8417 162.405
0.5 0.5 0.5 0.5 0.5 0.5 0.3 0.3 0.3 35

266.047 102.806 162.405
266.048 81.8417 157.482
266.048 81.8417 162.405
0.5 0.5 0.5 0.5 0.5 0.5 0.3 0.3 0.3 35

266.047 102.806 162.405
266.047 102.806 157.482
266.048 81.8417 157.482
0.5 0.5 0.5 0.5 0.5 0.5 0.3 0.3 0.3 35

103.398 110.553 150.942
131.269 110.553 251.543
131.269 110.553 150.942
0.5 0.5 0.5 0.5 0.5 0.5 0.3 0.3 0.3 35

103.398 110.553 150.942
103.398 110.553 251.541
131.269 110.553 251.543
0.5 0.5 0.5 0.5 0.5 0.5 0.3 0.3 0.3 35

103.398 110.553 150.942
131.269 103.565 150.942
103.398 103.565 150.942
0.5 0.5 0.5 0.5 0.5 0.5 0.3 0.3 0.3 35

103.398 110.553 150.942
131.269 110.553 150.942
131.269 103.565 150.942
0.5 0.5 0.5 0.5 0.5 0.5 0.3 0.3 0.3 35

131.269 110.553 150.942
131.269 103.565 251.543
131.269 103.565 150.942
0.5 0.5 0.5 0.5 0.5 0.5 0.3 0.3 0.3 35

131.269 110.553 150.942
131.269 110.553 251.543
131.269 103.565 251.543
0.5 0.5 0.5 0.5 0.5 0.5 0.3 0.3 0.3 35

131.269 110.553 251.543
103.398 103.565 251.541
131.269 103.565 251.543
0.5 0.5 0.5 0.5 0.5 0.5 0.3 0.3 0.3 35

131.269 110.553 251.543
103.398 110.553 251.541
103.398 103.565 251.541
0.5 0.5 0.5 0.5 0.5 0.5 0.3 0.3 0.3 35

103.398 110.553 251.541
103.398 103.565 150.942
103.398 103.565 251.541
0.5 0.5 0.5 0.5 0.5 0.5 0.3 0.3 0.3 35

103.398 110.553 251.541
103.398 110.553 150.942
103.398 103.565 150.942
0.5 0.5 0.5 0.5 0.5 0.5 0.3 0.3 0.3 35

103.509 102.806 239.823
131.154 81.8417 239.823
103.509 81.8417 239.821
0.5 0.5 0.5 0.5 0.5 0.5 0.3 0.3 0.3 35

103.509 102.806 239.823
131.154 102.806 239.823
131.154 81.8417 239.823
0.5 0.5 0.5 0.5 0.5 0.5 0.3 0.3 0.3 35

131.154 102.806 239.823
131.154 81.8417 244.747
131.154 81.8417 239.823
0.5 0.5 0.5 0.5 0.5 0.5 0.3 0.3 0.3 35

131.154 102.806 239.823
131.154 102.806 244.747
131.154 81.8417 244.747
0.5 0.5 0.5 0.5 0.5 0.5 0.3 0.3 0.3 35

131.154 102.806 244.747
103.509 81.8417 244.745
131.154 81.8417 244.747
0.5 0.5 0.5 0.5 0.5 0.5 0.3 0.3 0.3 35

131.154 102.806 244.747
103.509 102.806 244.745
103.509 81.8417 244.745
0.5 0.5 0.5 0.5 0.5 0.5 0.3 0.3 0.3 35

103.509 102.806 244.745
103.509 81.8417 239.821
103.509 81.8417 244.745
0.5 0.5 0.5 0.5 0.5 0.5 0.3 0.3 0.3 35

103.509 102.806 244.745
103.509 102.806 239.823
103.509 81.8417 239.821
0.5 0.5 0.5 0.5 0.5 0.5 0.3 0.3 0.3 35

103.72 102.806 157.482
131.367 81.8417 157.482
103.721 81.8417 157.482
0.5 0.5 0.5 0.5 0.5 0.5 0.3 0.3 0.3 35

103.72 102.806 157.482
131.367 102.806 157.482
131.367 81.8417 157.482
0.5 0.5 0.5 0.5 0.5 0.5 0.3 0.3 0.3 35

131.367 102.806 157.482
131.367 81.8417 162.405
131.367 81.8417 157.482
0.5 0.5 0.5 0.5 0.5 0.5 0.3 0.3 0.3 35

131.367 102.806 157.482
131.367 102.806 162.405
131.367 81.8417 162.405
0.5 0.5 0.5 0.5 0.5 0.5 0.3 0.3 0.3 35

131.367 102.806 162.405
103.721 81.8417 162.405
131.367 81.8417 162.405
0.5 0.5 0.5 0.5 0.5 0.5 0.3 0.3 0.3 35

131.367 102.806 162.405
103.72 102.806 162.405
103.721 81.8417 162.405
0.5 0.5 0.5 0.5 0.5 0.5 0.3 0.3 0.3 35

103.72 102.806 162.405
103.721 81.8417 157.482
103.721 81.8417 162.405
0.5 0.5 0.5 0.5 0.5 0.5 0.3 0.3 0.3 35

103.72 102.806 162.405
103.72 102.806 157.482
103.721 81.8417 157.482
0.5 0.5 0.5 0.5 0.5 0.5 0.3 0.3 0.3 35

247.373 110.553 271.373
146.77 110.553 299.243
247.373 110.553 299.243
0.5 0.5 0.5 0.5 0.5 0.5 0.3 0.3 0.3 35

247.373 110.553 271.373
146.77 110.553 271.373
146.77 110.553 299.243
0.5 0.5 0.5 0.5 0.5 0.5 0.3 0.3 0.3 35

247.373 110.553 271.373
247.373 103.565 299.243
247.373 103.565 271.373
0.5 0.5 0.5 0.5 0.5 0.5 0.3 0.3 0.3 35

247.373 110.553 271.373
247.373 110.553 299.243
247.373 103.565 299.243
0.5 0.5 0.5 0.5 0.5 0.5 0.3 0.3 0.3 35

247.373 110.553 299.243
146.77 103.565 299.243
247.373 103.565 299.243
0.5 0.5 0.5 0.5 0.5 0.5 0.3 0.3 0.3 35

247.373 110.553 299.243
146.77 110.553 299.243
146.77 103.565 299.243
0.5 0.5 0.5 0.5 0.5 0.5 0.3 0.3 0.3 35

146.77 110.553 299.243
146.77 103.565 271.373
146.77 103.565 299.243
0.5 0.5 0.5 0.5 0.5 0.5 0.3 0.3 0.3 35

146.77 110.553 299.243
146.77 110.553 271.373
146.77 103.565 271.373
0.5 0.5 0.5 0.5 0.5 0.5 0.3 0.3 0.3 35

146.77 110.553 271.373
247.373 103.565 271.373
146.77 103.565 271.373
0.5 0.5 0.5 0.5 0.5 0.5 0.3 0.3 0.3 35

146.77 110.553 271.373
247.373 110.553 271.373
247.373 103.565 271.373
0.5 0.5 0.5 0.5 0.5 0.5 0.3 0.3 0.3 35

158.49 102.806 271.484
158.49 81.8414 299.128
158.49 81.8415 271.484
0.5 0.5 0.5 0.5 0.5 0.5 0.3 0.3 0.3 35

158.49 102.806 271.484
158.49 102.806 299.128
158.49 81.8414 299.128
0.5 0.5 0.5 0.5 0.5 0.5 0.3 0.3 0.3 35

158.49 102.806 299.128
153.566 81.8414 299.128
158.49 81.8414 299.128
0.5 0.5 0.5 0.5 0.5 0.5 0.3 0.3 0.3 35

158.49 102.806 299.128
153.566 102.806 299.128
153.566 81.8414 299.128
0.5 0.5 0.5 0.5 0.5 0.5 0.3 0.3 0.3 35

153.566 102.806 299.128
153.566 81.8415 271.482
153.566 81.8414 299.128
0.5 0.5 0.5 0.5 0.5 0.5 0.3 0.3 0.3 35

153.566 102.806 299.128
153.566 102.806 271.484
153.566 81.8415 271.482
0.5 0.5 0.5 0.5 0.5 0.5 0.3 0.3 0.3 35

153.566 102.806 271.484
158.49 81.8415 271.484
153.566 81.8415 271.482
0.5 0.5 0.5 0.5 0.5 0.5 0.3 0.3 0.3 35

153.566 102.806 271.484
158.49 102.806 271.484
158.49 81.8415 271.484
0.5 0.5 0.5 0.5 0.5 0.5 0.3 0.3 0.3 35

240.831 102.806 271.695
240.834 81.8415 299.341
240.831 81.8415 271.695
0.5 0.5 0.5 0.5 0.5 0.5 0.3 0.3 0.3 35

240.831 102.806 271.695
240.833 102.806 299.341
240.834 81.8415 299.341
0.5 0.5 0.5 0.5 0.5 0.5 0.3 0.3 0.3 35

240.833 102.806 299.341
235.91 81.8415 299.341
240.834 81.8415 299.341
0.5 0.5 0.5 0.5 0.5 0.5 0.3 0.3 0.3 35

240.833 102.806 299.341
235.91 102.806 299.341
235.91 81.8415 299.341
0.5 0.5 0.5 0.5 0.5 0.5 0.3 0.3 0.3 35

235.91 102.806 299.341
235.907 81.8415 271.695
235.91 81.8415 299.341
0.5 0.5 0.5 0.5 0.5 0.5 0.3 0.3 0.3 35

235.91 102.806 299.341
235.907 102.806 271.695
235.907 81.8415 271.695
0.5 0.5 0.5 0.5 0.5 0.5 0.3 0.3 0.3 35

235.907 102.806 271.695
240.831 81.8415 271.695
235.907 81.8415 271.695
0.5 0.5 0.5 0.5 0.5 0.5 0.3 0.3 0.3 35

235.907 102.806 271.695
240.831 102.806 271.695
240.831 81.8415 271.695
0.5 0.5 0.5 0.5 0.5 0.5 0.3 0.3 0.3 35

200 71.377 400
26.7949 81.5567 300
26.7949 71.3769 300
0.5 0.5 0.5 0.5 0.5 0.5 0.3 0.3 0.3 35

200 71.377 400
200 81.5568 400
26.7949 81.5567 300
0.5 0.5 0.5 0.5 0.5 0.5 0.3 0.3 0.3 35

26.7949 71.3769 300
26.7949 81.5567 100
26.7949 71.3769 100
0.5 0.5 0.5 0.5 0.5 0.5 0.3 0.3 0.3 35

26.7949 71.3769 300
26.7949 81.5567 300
26.7949 81.5567 100
0.5 0.5 0.5 0.5 0.5 0.5 0.3 0.3 0.3 35

26.7949 71.3769 100
200 81.5568 0
200 71.377 0
0.5 0.5 0.5 0.5 0.5 0.5 0.3 0.3 0.3 35

26.7949 71.3769 100
26.7949 81.5567 100
200 81.5568 0
0.5 0.5 0.5 0.5 0.5 0.5 0.3 0.3 0.3 35

200 71.377 0
373.205 81.5568 100
373.205 71.377 100
0.5 0.5 0.5 0.5 0.5 0.5 0.3 0.3 0.3 35

200 71.377 0
200 81.5568 0
373.205 81.5568 100
0.5 0.5 0.5 0.5 0.5 0.5 0.3 0.3 0.3 35

373.205 71.377 100
373.205 81.5568 300
373.205 71.377 300
0.5 0.5 0.5 0.5 0.5 0.5 0.3 0.3 0.3 35

373.205 71.377 100
373.205 81.5568 100
373.205 81.5568 300
0.5 0.5 0.5 0.5 0.5 0.5 0.3 0.3 0.3 35

373.205 71.377 300
200 81.5568 400
200 71.377 400
0.5 0.5 0.5 0.5 0.5 0.5 0.3 0.3 0.3 35

373.205 71.377 300
373.205 81.5568 300
200 81.5568 400
0.5 0.5 0.5 0.5 0.5 0.5 0.3 0.3 0.3 35

26.7949 71.3769 300
200 71.377 200
200 71.377 400
0.5 0.5 0.5 0.5 0.5 0.5 0.3 0.3 0.3 35

26.7949 71.3769 100
200 71.377 200
26.7949 71.3769 300
0.5 0.5 0.5 0.5 0.5 0.5 0.3 0.3 0.3 35

200 71.377 0
200 71.377 200
26.7949 71.3769 100
0.5 0.5 0.5 0.5 0.5 0.5 0.3 0.3 0.3 35

373.205 71.377 100
200 71.377 200
200 71.377 0
0.5 0.5 0.5 0.5 0.5 0.5 0.3 0.3 0.3 35

373.205 71.377 300
200 71.377 200
373.205 71.377 100
0.5 0.5 0.5 0.5 0.5 0.5 0.3 0.3 0.3 35

200 71.377 400
200 71.377 200
373.205 71.377 300
0.5 0.5 0.5 0.5 0.5 0.5 0.3 0.3 0.3 35

200 81.5568 400
200 81.5568 200
26.7949 81.5567 300
0.5 0.5 0.5 0.5 0.5 0.5 0.3 0.3 0.3 35

26.7949 81.5567 300
200 81.5568 200
26.7949 81.5567 100
0.5 0.5 0.5 0.5 0.5 0.5 0.3 0.3 0.3 35

26.7949 81.5567 100
200 81.5568 200
200 81.5568 0
0.5 0.5 0.5 0.5 0.5 0.5 0.3 0.3 0.3 35

200 81.5568 0
200 81.5568 200
373.205 81.5568 100
0.5 0.5 0.5 0.5 0.5 0.5 0.3 0.3 0.3 35

373.205 81.5568 100
200 81.5568 200
373.205 81.5568 300
0.5 0.5 0.5 0.5 0.5 0.5 0.3 0.3 0.3 35

373.205 81.5568 300
200 81.5568 200
200 81.5568 400
0.5 0.5 0.5 0.5 0.5 0.5 0.3 0.3 0.3 35

200.059 255.754 380.644
42.681 248.071 289.626
200.059 248.071 380.488
0.5 0.5 0.5 0.5 0.5 0.5 0.3 0.3 0.3 35

200.059 255.754 380.644
42.5458 255.752 289.704
42.681 248.071 289.626
0.5 0.5 0.5 0.5 0.5 0.5 0.3 0.3 0.3 35

42.5458 255.752 289.704
42.681 248.071 107.902
42.681 248.071 289.626
0.5 0.5 0.5 0.5 0.5 0.5 0.3 0.3 0.3 35

42.5458 255.752 289.704
42.5458 255.752 107.824
42.681 248.071 107.902
0.5 0.5 0.5 0.5 0.5 0.5 0.3 0.3 0.3 35

42.5458 255.752 107.824
200.059 248.071 17.0405
42.681 248.071 107.902
0.5 0.5 0.5 0.5 0.5 0.5 0.3 0.3 0.3 35

42.5458 255.752 107.824
200.059 255.754 16.8845
200.059 248.071 17.0405
0.5 0.5 0.5 0.5 0.5 0.5 0.3 0.3 0.3 35

200.059 255.754 16.8845
357.436 248.072 107.902
200.059 248.071 17.0405
0.5 0.5 0.5 0.5 0.5 0.5 0.3 0.3 0.3 35

200.059 255.754 16.8845
357.571 255.754 107.824
357.436 248.072 107.902
0.5 0.5 0.5 0.5 0.5 0.5 0.3 0.3 0.3 35

357.571 255.754 107.824
357.436 248.072 289.626
357.436 248.072 107.902
0.5 0.5 0.5 0.5 0.5 0.5 0.3 0.3 0.3 35

357.571 255.754 107.824
357.571 255.754 289.704
357.436 248.072 289.626
0.5 0.5 0.5 0.5 0.5 0.5 0.3 0.3 0.3 35

357.571 255.754 289.704
200.059 248.071 380.488
357.436 248.072 289.626
0.5 0.5 0.5 0.5 0.5 0.5 0.3 0.3 0.3 35

357.571 255.754 289.704
200.059 255.754 380.644
200.059 248.071 380.488
0.5 0.5 0.5 0.5 0.5 0.5 0.3 0.3 0.3 35

200.059 248.071 380.488
42.681 248.071 289.626
200.059 248.071 198.764
0.5 0.5 0.5 0.5 0.5 0.5 0.3 0.3 0.3 35

42.681 248.071 289.626
42.681 248.071 107.902
200.059 248.071 198.764
0.5 0.5 0.5 0.5 0.5 0.5 0.3 0.3 0.3 35

42.681 248.071 107.902
200.059 248.071 17.0405
200.059 248.071 198.764
0.5 0.5 0.5 0.5 0.5 0.5 0.3 0.3 0.3 35

200.059 248.071 17.0405
357.436 248.072 107.902
200.059 248.071 198.764
0.5 0.5 0.5 0.5 0.5 0.5 0.3 0.3 0.3 35

357.436 248.072 107.902
357.436 248.072 289.626
200.059 248.071 198.764
0.5 0.5 0.5 0.5 0.5 0.5 0.3 0.3 0.3 35

357.436 248.072 289.626
200.059 248.071 380.488
200.059 248.071 198.764
0.5 0.5 0.5 0.5 0.5 0.5 0.3 0.3 0.3 35

198.703 328.623 197.986
200.059 269.234 77.1097
94.7022 269.234 137.937
0.5 0.5 0.5 0.5 0.5 0.5 0.3 0.3 0.3 35

198.703 328.623 197.986
200.052 328.623 197.207
200.059 269.234 77.1097
0.5 0.5 0.5 0.5 0.5 0.5 0.3 0.3 0.3 35

201.401 328.623 199.543
200.059 269.234 320.419
305.414 269.234 259.592
0.5 0.5 0.5 0.5 0.5 0.5 0.3 0.3 0.3 35

201.401 328.623 199.543
200.052 328.623 200.322
200.059 269.234 320.419
0.5 0.5 0.5 0.5 0.5 0.5 0.3 0.3 0.3 35

94.7022 269.234 137.937
200.059 255.754 16.8845
42.5458 255.752 107.824
0.5 0.5 0.5 0.5 0.5 0.5 0.3 0.3 0.3 35

94.7022 269.234 137.937
200.059 269.234 77.1097
200.059 255.754 16.8845
0.5 0.5 0.5 0.5 0.5 0.5 0.3 0.3 0.3 35

305.414 269.234 259.592
200.059 255.754 380.644
357.571 255.754 289.704
0.5 0.5 0.5 0.5 0.5 0.5 0.3 0.3 0.3 35

305.414 269.234 259.592
200.059 269.234 320.419
200.059 255.754 380.644
0.5 0.5 0.5 0.5 0.5 0.5 0.3 0.3 0.3 35

200.053 328.623 200.322
94.7022 269.234 259.592
200.059 269.234 320.419
0.5 0.5 0.5 0.5 0.5 0.5 0.3 0.3 0.3 35

200.053 328.623 197.207
305.413 269.234 137.937
200.059 269.234 77.1097
0.5 0.5 0.5 0.5 0.5 0.5 0.3 0.3 0.3 35

200.059 269.234 320.419
42.5458 255.753 289.704
200.059 255.755 380.644
0.5 0.5 0.5 0.5 0.5 0.5 0.3 0.3 0.3 35

200.059 269.234 320.419
94.7022 269.234 259.592
42.5458 255.753 289.704
0.5 0.5 0.5 0.5 0.5 0.5 0.3 0.3 0.3 35

200.059 269.234 77.1097
357.57 255.755 107.824
200.059 255.755 16.8845
0.5 0.5 0.5 0.5 0.5 0.5 0.3 0.3 0.3 35

200.059 269.234 77.1097
305.413 269.234 137.937
357.57 255.755 107.824
0.5 0.5 0.5 0.5 0.5 0.5 0.3 0.3 0.3 35

200.052 328.623 200.322
200.052 328.623 198.764
198.703 328.623 199.543
0.5 0.5 0.5 0.5 0.5 0.5 0.3 0.3 0.3 35

198.703 328.623 199.543
200.052 328.623 198.764
198.703 328.623 197.986
0.5 0.5 0.5 0.5 0.5 0.5 0.3 0.3 0.3 35

198.703 328.623 197.986
200.052 328.623 198.764
200.052 328.623 197.207
0.5 0.5 0.5 0.5 0.5 0.5 0.3 0.3 0.3 35

200.052 328.623 197.207
200.052 328.623 198.764
201.401 328.623 197.986
0.5 0.5 0.5 0.5 0.5 0.5 0.3 0.3 0.3 35

201.401 328.623 197.986
200.052 328.623 198.764
201.401 328.623 199.543
0.5 0.5 0.5 0.5 0.5 0.5 0.3 0.3 0.3 35

201.401 328.623 199.543
200.052 328.623 198.764
200.052 328.623 200.322
0.5 0.5 0.5 0.5 0.5 0.5 0.3 0.3 0.3 35

200.052 328.623 200.322
198.703 328.623 199.543
94.7022 269.234 259.592
0.5 0.5 0.5 0.5 0.5 0.5 0.3 0.3 0.3 35

198.703 328.623 199.543
94.7022 269.234 137.937
94.7022 269.234 259.592
0.5 0.5 0.5 0.5 0.5 0.5 0.3 0.3 0.3 35

198.703 328.623 199.543
198.703 328.623 197.986
94.7022 269.234 137.937
0.5 0.5 0.5 0.5 0.5 0.5 0.3 0.3 0.3 35

200.052 328.623 197.207
201.401 328.623 197.986
305.414 269.234 137.937
0.5 0.5 0.5 0.5 0.5 0.5 0.3 0.3 0.3 35

201.401 328.623 197.986
305.414 269.234 259.592
305.414 269.234 137.937
0.5 0.5 0.5 0.5 0.5 0.5 0.3 0.3 0.3 35

201.401 328.623 197.986
201.401 328.623 199.543
305.414 269.234 259.592
0.5 0.5 0.5 0.5 0.5 0.5 0.3 0.3 0.3 35

94.7022 269.234 259.592
42.5458 255.752 107.824
42.5458 255.752 289.704
0.5 0.5 0.5 0.5 0.5 0.5 0.3 0.3 0.3 35

94.7022 269.234 259.592
94.7022 269.234 137.937
42.5458 255.752 107.824
0.5 0.5 0.5 0.5 0.5 0.5 0.3 0.3 0.3 35

305.414 269.234 137.937
357.571 255.754 289.704
357.571 255.754 107.824
0.5 0.5 0.5 0.5 0.5 0.5 0.3 0.3 0.3 35

305.414 269.234 137.937
305.414 269.234 259.592
357.571 255.754 289.704
0.5 0.5 0.5 0.5 0.5 0.5 0.3 0.3 0.3 35

338.405 234.662 273.148
341.848 234.662 285.993
346.551 234.662 277.848
0.5 0.5 0.5 0.5 0.5 0.5 0.3 0.3 0.3 35

338.405 234.662 273.148
333.703 234.662 281.293
341.848 234.662 285.993
0.5 0.5 0.5 0.5 0.5 0.5 0.3 0.3 0.3 35

338.405 234.662 273.148
346.538 72.3043 277.87
338.406 72.3043 273.147
0.5 0.5 0.5 0.5 0.5 0.5 0.3 0.3 0.3 35

338.405 234.662 273.148
346.551 234.662 277.848
346.538 72.3043 277.87
0.5 0.5 0.5 0.5 0.5 0.5 0.3 0.3 0.3 35

346.551 234.662 277.848
341.837 72.3043 286.013
346.538 72.3043 277.87
0.5 0.5 0.5 0.5 0.5 0.5 0.3 0.3 0.3 35

346.551 234.662 277.848
341.848 234.662 285.993
341.837 72.3043 286.013
0.5 0.5 0.5 0.5 0.5 0.5 0.3 0.3 0.3 35

341.848 234.662 285.993
333.7 72.3043 281.298
341.837 72.3043 286.013
0.5 0.5 0.5 0.5 0.5 0.5 0.3 0.3 0.3 35

341.848 234.662 285.993
333.703 234.662 281.293
333.7 72.3043 281.298
0.5 0.5 0.5 0.5 0.5 0.5 0.3 0.3 0.3 35

333.703 234.662 281.293
338.406 72.3043 273.147
333.7 72.3043 281.298
0.5 0.5 0.5 0.5 0.5 0.5 0.3 0.3 0.3 35

333.703 234.662 281.293
338.405 234.662 273.148
338.406 72.3043 273.147
0.5 0.5 0.5 0.5 0.5 0.5 0.3 0.3 0.3 35

338.406 72.3043 273.147
341.837 72.3043 286.013
333.7 72.3043 281.298
0.5 0.5 0.5 0.5 0.5 0.5 0.3 0.3 0.3 35

338.406 72.3043 273.147
346.538 72.3043 277.87
341.837 72.3043 286.013
0.5 0.5 0.5 0.5 0.5 0.5 0.3 0.3 0.3 35

333.178 234.662 116.413
346.028 234.662 119.85
341.324 234.662 111.709
0.5 0.5 0.5 0.5 0.5 0.5 0.3 0.3 0.3 35

333.178 234.662 116.413
337.879 234.662 124.56
346.028 234.662 119.85
0.5 0.5 0.5 0.5 0.5 0.5 0.3 0.3 0.3 35

333.178 234.662 116.413
341.324 72.3043 111.709
333.178 72.3043 116.413
0.5 0.5 0.5 0.5 0.5 0.5 0.3 0.3 0.3 35

333.178 234.662 116.413
341.324 234.662 111.709
341.324 72.3043 111.709
0.5 0.5 0.5 0.5 0.5 0.5 0.3 0.3 0.3 35

341.324 234.662 111.709
346.025 72.3043 119.855
341.324 72.3043 111.709
0.5 0.5 0.5 0.5 0.5 0.5 0.3 0.3 0.3 35

341.324 234.662 111.709
346.028 234.662 119.85
346.025 72.3043 119.855
0.5 0.5 0.5 0.5 0.5 0.5 0.3 0.3 0.3 35

346.028 234.662 119.85
337.879 72.3043 124.56
346.025 72.3043 119.855
0.5 0.5 0.5 0.5 0.5 0.5 0.3 0.3 0.3 35

346.028 234.662 119.85
337.879 234.662 124.56
337.879 72.3043 124.56
0.5 0.5 0.5 0.5 0.5 0.5 0.3 0.3 0.3 35

337.879 234.662 124.56
333.178 72.3043 116.413
337.879 72.3043 124.56
0.5 0.5 0.5 0.5 0.5 0.5 0.3 0.3 0.3 35

337.879 234.662 124.56
333.178 234.662 116.413
333.178 72.3043 116.413
0.5 0.5 0.5 0.5 0.5 0.5 0.3 0.3 0.3 35

333.178 72.3043 116.413
346.025 72.3043 119.855
337.879 72.3043 124.56
0.5 0.5 0.5 0.5 0.5 0.5 0.3 0.3 0.3 35

333.178 72.3043 116.413
341.324 72.3043 111.709
346.025 72.3043 119.855
0.5 0.5 0.5 0.5 0.5 0.5 0.3 0.3 0.3 35

194.826 234.663 42.5673
204.232 234.662 33.1592
194.824 234.663 33.1656
0.5 0.5 0.5 0.5 0.5 0.5 0.3 0.3 0.3 35

194.826 234.663 42.5673
204.227 234.663 42.5697
204.232 234.662 33.1592
0.5 0.5 0.5 0.5 0.5 0.5 0.3 0.3 0.3 35

194.826 234.663 42.5673
194.826 72.3043 33.1631
194.826 72.3043 42.5697
0.5 0.5 0.5 0.5 0.5 0.5 0.3 0.3 0.3 35

194.826 234.663 42.5673
194.824 234.663 33.1656
194.826 72.3043 33.1631
0.5 0.5 0.5 0.5 0.5 0.5 0.3 0.3 0.3 35

194.824 234.663 33.1656
204.229 72.3043 33.1639
194.826 72.3043 33.1631
0.5 0.5 0.5 0.5 0.5 0.5 0.3 0.3 0.3 35

194.824 234.663 33.1656
204.232 234.662 33.1592
204.229 72.3043 33.1639
0.5 0.5 0.5 0.5 0.5 0.5 0.3 0.3 0.3 35

204.232 234.662 33.1592
204.229 72.3043 42.5673
204.229 72.3043 33.1639
0.5 0.5 0.5 0.5 0.5 0.5 0.3 0.3 0.3 35

204.232 234.662 33.1592
204.227 234.663 42.5697
204.229 72.3043 42.5673
0.5 0.5 0.5 0.5 0.5 0.5 0.3 0.3 0.3 35

204.227 234.663 42.5697
194.826 72.3043 42.5697
204.229 72.3043 42.5673
0.5 0.5 0.5 0.5 0.5 0.5 0.3 0.3 0.3 35

204.227 234.663 42.5697
194.826 234.663 42.5673
194.826 72.3043 42.5697
0.5 0.5 0.5 0.5 0.5 0.5 0.3 0.3 0.3 35

194.826 72.3043 42.5697
204.229 72.3043 33.1639
204.229 72.3043 42.5673
0.5 0.5 0.5 0.5 0.5 0.5 0.3 0.3 0.3 35

194.826 72.3043 42.5697
194.826 72.3043 33.1631
204.229 72.3043 33.1639
0.5 0.5 0.5 0.5 0.5 0.5 0.3 0.3 0.3 35

61.6995 234.662 125.461
58.2559 234.662 112.615
53.5568 234.662 120.756
0.5 0.5 0.5 0.5 0.5 0.5 0.3 0.3 0.3 35

61.6995 234.662 125.461
66.4008 234.662 117.318
58.2559 234.662 112.615
0.5 0.5 0.5 0.5 0.5 0.5 0.3 0.3 0.3 35

61.6995 234.662 125.461
53.5568 72.3043 120.756
61.7003 72.3043 125.458
0.5 0.5 0.5 0.5 0.5 0.5 0.3 0.3 0.3 35

61.6995 234.662 125.461
53.5568 234.662 120.756
53.5568 72.3043 120.756
0.5 0.5 0.5 0.5 0.5 0.5 0.3 0.3 0.3 35

53.5568 234.662 120.756
58.2576 72.3043 112.614
53.5568 72.3043 120.756
0.5 0.5 0.5 0.5 0.5 0.5 0.3 0.3 0.3 35

53.5568 234.662 120.756
58.2559 234.662 112.615
58.2576 72.3043 112.614
0.5 0.5 0.5 0.5 0.5 0.5 0.3 0.3 0.3 35

58.2559 234.662 112.615
66.4016 72.3043 117.315
58.2576 72.3043 112.614
0.5 0.5 0.5 0.5 0.5 0.5 0.3 0.3 0.3 35

58.2559 234.662 112.615
66.4008 234.662 117.318
66.4016 72.3043 117.315
0.5 0.5 0.5 0.5 0.5 0.5 0.3 0.3 0.3 35

66.4008 234.662 117.318
61.7003 72.3043 125.458
66.4016 72.3043 117.315
0.5 0.5 0.5 0.5 0.5 0.5 0.3 0.3 0.3 35

66.4008 234.662 117.318
61.6995 234.662 125.461
61.7003 72.3043 125.458
0.5 0.5 0.5 0.5 0.5 0.5 0.3 0.3 0.3 35

61.7003 72.3043 125.458
58.2576 72.3043 112.614
66.4016 72.3043 117.315
0.5 0.5 0.5 0.5 0.5 0.5 0.3 0.3 0.3 35

61.7003 72.3043 125.458
53.5568 72.3043 120.756
58.2576 72.3043 112.614
0.5 0.5 0.5 0.5 0.5 0.5 0.3 0.3 0.3 35

66.9202 234.662 282.205
54.0749 234.662 278.762
58.777 234.662 286.905
0.5 0.5 0.5 0.5 0.5 0.5 0.3 0.3 0.3 35

66.9202 234.662 282.205
62.2189 234.662 274.059
54.0749 234.662 278.762
0.5 0.5 0.5 0.5 0.5 0.5 0.3 0.3 0.3 35

66.9202 234.662 282.205
58.7817 72.3043 286.898
66.9224 72.3043 282.203
0.5 0.5 0.5 0.5 0.5 0.5 0.3 0.3 0.3 35

66.9202 234.662 282.205
58.777 234.662 286.905
58.7817 72.3043 286.898
0.5 0.5 0.5 0.5 0.5 0.5 0.3 0.3 0.3 35

58.777 234.662 286.905
54.0749 72.3043 278.762
58.7817 72.3043 286.898
0.5 0.5 0.5 0.5 0.5 0.5 0.3 0.3 0.3 35

58.777 234.662 286.905
54.0749 234.662 278.762
54.0749 72.3043 278.762
0.5 0.5 0.5 0.5 0.5 0.5 0.3 0.3 0.3 35

54.0749 234.662 278.762
62.2211 72.3043 274.057
54.0749 72.3043 278.762
0.5 0.5 0.5 0.5 0.5 0.5 0.3 0.3 0.3 35

54.0749 234.662 278.762
62.2189 234.662 274.059
62.2211 72.3043 274.057
0.5 0.5 0.5 0.5 0.5 0.5 0.3 0.3 0.3 35

62.2189 234.662 274.059
66.9224 72.3043 282.203
62.2211 72.3043 274.057
0.5 0.5 0.5 0.5 0.5 0.5 0.3 0.3 0.3 35

62.2189 234.662 274.059
66.9202 234.662 282.205
66.9224 72.3043 282.203
0.5 0.5 0.5 0.5 0.5 0.5 0.3 0.3 0.3 35

66.9224 72.3043 282.203
54.0749 72.3043 278.762
62.2211 72.3043 274.057
0.5 0.5 0.5 0.5 0.5 0.5 0.3 0.3 0.3 35

66.9224 72.3043 282.203
58.7817 72.3043 286.898
54.0749 72.3043 278.762
0.5 0.5 0.5 0.5 0.5 0.5 0.3 0.3 0.3 35

205.278 234.662 356.041
195.874 234.662 365.445
205.279 234.662 365.445
0.5 0.5 0.5 0.5 0.5 0.5 0.3 0.3 0.3 35

205.278 234.662 356.041
195.874 234.662 356.041
195.874 234.662 365.445
0.5 0.5 0.5 0.5 0.5 0.5 0.3 0.3 0.3 35

205.278 234.662 356.041
205.279 72.3043 365.446
205.278 72.3043 356.041
0.5 0.5 0.5 0.5 0.5 0.5 0.3 0.3 0.3 35

205.278 234.662 356.041
205.279 234.662 365.445
205.279 72.3043 365.446
0.5 0.5 0.5 0.5 0.5 0.5 0.3 0.3 0.3 35

205.279 234.662 365.445
195.875 72.3043 365.444
205.279 72.3043 365.446
0.5 0.5 0.5 0.5 0.5 0.5 0.3 0.3 0.3 35

205.279 234.662 365.445
195.874 234.662 365.445
195.875 72.3043 365.444
0.5 0.5 0.5 0.5 0.5 0.5 0.3 0.3 0.3 35

195.874 234.662 365.445
195.874 72.3043 356.041
195.875 72.3043 365.444
0.5 0.5 0.5 0.5 0.5 0.5 0.3 0.3 0.3 35

195.874 234.662 365.445
195.874 234.662 356.041
195.874 72.3043 356.041
0.5 0.5 0.5 0.5 0.5 0.5 0.3 0.3 0.3 35

195.874 234.662 356.041
205.278 72.3043 356.041
195.874 72.3043 356.041
0.5 0.5 0.5 0.5 0.5 0.5 0.3 0.3 0.3 35

195.874 234.662 356.041
205.278 234.662 356.041
205.278 72.3043 356.041
0.5 0.5 0.5 0.5 0.5 0.5 0.3 0.3 0.3 35

205.278 72.3043 356.041
195.875 72.3043 365.444
195.874 72.3043 356.041
0.5 0.5 0.5 0.5 0.5 0.5 0.3 0.3 0.3 35

205.278 72.3043 356.041
205.279 72.3043 365.446
195.875 72.3043 365.444
0.5 0.5 0.5 0.5 0.5 0.5 0.3 0.3 0.3 35
